2 0.172319 0.124570 0.166670 0.237832
2 0.307153 0.126445 0.159170 0.234082
2 0.461646 0.137676 0.146064 0.260293
2 0.634868 0.130186 0.215361 0.245313
2 0.794980 0.118950 0.213477 0.222842
2 0.110972 0.362397 0.221943 0.308994
2 0.264077 0.370825 0.117979 0.284639
2 0.407339 0.358652 0.194756 0.252812
2 0.516895 0.378311 0.046816 0.187266
2 0.640488 0.358652 0.200371 0.327715
2 0.744419 0.319326 0.127334 0.286523
2 0.862397 0.328687 0.146064 0.335205
2 0.107715 0.648911 0.213477 0.290264
2 0.267827 0.658276 0.129209 0.312725
2 0.403599 0.648911 0.149814 0.331455
2 0.520635 0.632061 0.121719 0.286523
2 0.648916 0.622695 0.187266 0.275273
2 0.829624 0.599287 0.222842 0.292129
2 0.074009 0.875488 0.146064 0.249023
2 0.222886 0.883911 0.177900 0.232178
2 0.397041 0.876421 0.192891 0.247158
2 0.585244 0.866123 0.191016 0.267754
2 0.768760 0.854907 0.187266 0.286514
2 0.931196 0.845522 0.137607 0.308955
