1 0.660835 0.586474 0.235752 0.329504
1 0.408491 0.473241 0.268936 0.362599
1 0.165083 0.494234 0.246807 0.338423
1 0.198701 0.176175 0.242559 0.305343
1 0.404658 0.162175 0.220430 0.262073
1 0.555303 0.382277 0.189785 0.343504
1 0.743813 0.277956 0.229795 0.389314
1 0.876582 0.447803 0.194043 0.319343
1 0.846367 0.728328 0.286816 0.348599
1 0.344663 0.778584 0.255322 0.367679
1 0.105933 0.804029 0.206807 0.349869
1 0.672749 0.877526 0.254463 0.244949
1 0.433594 0.905810 0.232344 0.181927
1 0.605942 0.111920 0.207666 0.209912
