2 0.291460 0.403612 0.150693 0.127342
2 0.413506 0.280022 0.058535 0.074905
2 0.272153 0.628333 0.122041 0.217225
2 0.613394 0.266909 0.072236 0.093642
2 0.536177 0.317474 0.079697 0.112364
2 0.452114 0.645184 0.165635 0.224728
2 0.160068 0.864280 0.211719 0.265918
2 0.286475 0.864288 0.178086 0.243436
1 0.602808 0.748179 0.033623 0.056182
1 0.576030 0.920463 0.039854 0.052438
1 0.728589 0.924214 0.048564 0.071160
1 0.861846 0.936380 0.038613 0.058047
1 0.644526 0.845558 0.039854 0.059927
1 0.626470 0.961659 0.051064 0.063671
1 0.755986 0.801557 0.041094 0.054302
