1 0.249351 0.596704 0.121299 0.170487
1 0.432573 0.343525 0.127197 0.147581
1 0.504590 0.568083 0.116250 0.148850
1 0.532813 0.411593 0.110352 0.153953
1 0.745513 0.507647 0.171846 0.213732
1 0.438467 0.735383 0.085078 0.109410
1 0.384131 0.823164 0.117930 0.162847
1 0.657905 0.767190 0.133096 0.175560
1 0.326011 0.335258 0.087607 0.159041
1 0.257354 0.398230 0.103613 0.147581
1 0.182383 0.456763 0.108672 0.142493
1 0.253564 0.744292 0.111191 0.137404
1 0.298213 0.839705 0.124668 0.137404
1 0.788896 0.657773 0.101934 0.185752
1 0.707607 0.395052 0.116250 0.133584
