1 0.782876 0.411230 0.113135 0.102201
1 0.763257 0.556608 0.103096 0.103398
1 0.180229 0.106484 0.061123 0.074219
1 0.589443 0.509160 0.109492 0.142331
1 0.696655 0.474486 0.084854 0.143555
1 0.370469 0.418535 0.080293 0.104622
1 0.432964 0.365000 0.084854 0.097318
1 0.474482 0.563301 0.098535 0.121654
1 0.425210 0.481790 0.074814 0.077852
1 0.463530 0.437988 0.094893 0.104622
1 0.306143 0.629596 0.115879 0.137474
1 0.358608 0.534707 0.094893 0.122878
1 0.320283 0.462324 0.085762 0.070560
1 0.358149 0.284102 0.075732 0.091250
1 0.240449 0.455026 0.081211 0.092448
1 0.209883 0.542012 0.113145 0.108268
1 0.179316 0.643587 0.148730 0.114362
1 0.673389 0.580332 0.122266 0.114362
1 0.756416 0.304779 0.082109 0.137474
1 0.377310 0.124128 0.088506 0.114349
1 0.245923 0.116217 0.046533 0.062044
1 0.556602 0.132643 0.051094 0.051094
1 0.604043 0.110137 0.041973 0.037721
1 0.650576 0.062689 0.051094 0.086367
1 0.364990 0.074857 0.072988 0.081510
1 0.691177 0.343711 0.117705 0.100964
