0 0.188003 0.115135 0.148955 0.199746
0 0.064521 0.341601 0.123086 0.235372
0 0.224849 0.338423 0.181885 0.246830
0 0.351851 0.111323 0.158369 0.222647
0 0.419668 0.343510 0.196777 0.305341
0 0.618408 0.344778 0.186582 0.323154
0 0.746982 0.288170 0.139551 0.253170
0 0.806563 0.419208 0.183457 0.288811
0 0.886924 0.309794 0.162285 0.260824
0 0.499634 0.122773 0.126221 0.207385
0 0.644668 0.120230 0.166992 0.222647
0 0.825771 0.159033 0.173262 0.269731
0 0.962471 0.164754 0.075059 0.270998
0 0.283252 0.232829 0.121523 0.167940
0 0.089219 0.510816 0.166211 0.283724
0 0.114307 0.744913 0.205410 0.342250
0 0.324409 0.780531 0.227354 0.370222
0 0.537656 0.821878 0.247734 0.323154
0 0.779517 0.840967 0.245381 0.279905
0 0.928369 0.680024 0.143262 0.342235
0 0.758735 0.648217 0.192861 0.334596
0 0.407476 0.575705 0.170986 0.253185
