0 0.195176 0.249421 0.144082 0.174310
0 0.154146 0.487969 0.180342 0.221380
0 0.371226 0.112650 0.171748 0.216289
0 0.432295 0.395729 0.139316 0.181927
0 0.574946 0.308581 0.182256 0.234089
0 0.317314 0.459974 0.130723 0.157760
0 0.414165 0.573848 0.141221 0.181940
0 0.220459 0.674993 0.137402 0.162852
0 0.297275 0.800944 0.149805 0.180664
0 0.094028 0.886823 0.149814 0.184479
0 0.444697 0.759596 0.131680 0.184479
0 0.560635 0.886185 0.159355 0.193385
0 0.406055 0.914173 0.123086 0.134857
0 0.627905 0.689622 0.139307 0.174297
0 0.552524 0.529316 0.116416 0.161576
0 0.690405 0.143184 0.130732 0.185742
0 0.534873 0.100853 0.176523 0.201706
0 0.715688 0.545859 0.127861 0.156484
0 0.746704 0.334030 0.136455 0.170482
0 0.918916 0.323848 0.162168 0.208659
0 0.851660 0.487969 0.144082 0.173021
0 0.893647 0.671172 0.145986 0.183203
0 0.746699 0.839115 0.145996 0.178125
