0 0.337163 0.844964 0.138076 0.190831
0 0.518198 0.826647 0.168760 0.242741
0 0.718149 0.838098 0.157510 0.201531
0 0.899185 0.841144 0.171826 0.247332
0 0.323594 0.483418 0.170469 0.297711
0 0.163784 0.136086 0.161084 0.267187
0 0.358535 0.166625 0.172168 0.244271
0 0.541362 0.171071 0.147451 0.240452
0 0.714380 0.156443 0.154268 0.241720
0 0.883569 0.173615 0.151709 0.227726
0 0.119888 0.478965 0.170459 0.278630
0 0.523462 0.485328 0.183252 0.276079
0 0.720771 0.473870 0.185801 0.291356
0 0.906582 0.515853 0.146602 0.227741
0 0.152041 0.811378 0.187168 0.261064
