0 0.369814 0.274853 0.118789 0.154200
0 0.617554 0.792416 0.128955 0.154200
0 0.705884 0.708451 0.094424 0.148091
0 0.338340 0.730587 0.133008 0.186256
0 0.355601 0.545852 0.084268 0.119075
0 0.620601 0.271043 0.122861 0.170984
0 0.744468 0.535925 0.092393 0.160308
0 0.306357 0.410734 0.131992 0.184728
0 0.264727 0.561880 0.117773 0.169457
0 0.395195 0.384023 0.137070 0.195419
0 0.571357 0.594706 0.123867 0.167944
0 0.491143 0.760352 0.140117 0.206109
0 0.468301 0.531351 0.159414 0.212217
0 0.677456 0.417606 0.114736 0.167930
