0 0.201650 0.503041 0.089082 0.119072
0 0.096870 0.441208 0.088076 0.093137
0 0.328193 0.503807 0.085039 0.096186
0 0.264922 0.560295 0.077949 0.111458
0 0.127749 0.536635 0.089092 0.112975
0 0.485107 0.483189 0.074922 0.103814
0 0.419810 0.551134 0.082002 0.114492
0 0.518516 0.590825 0.068848 0.111458
0 0.666318 0.406097 0.072891 0.126716
0 0.870811 0.393881 0.085039 0.126730
0 0.587861 0.580140 0.081992 0.120604
0 0.666826 0.603041 0.077949 0.126730
0 0.728579 0.652658 0.086045 0.125199
0 0.773623 0.607622 0.091113 0.126730
0 0.647085 0.692356 0.080986 0.119087
0 0.458789 0.723652 0.101230 0.141973
0 0.659229 0.809153 0.089082 0.141988
0 0.824243 0.673270 0.080986 0.111458
0 0.895107 0.817548 0.074922 0.112975
