2 0.432710 0.367216 0.210400 0.286506
2 0.602437 0.326956 0.232842 0.228462
2 0.638208 0.133136 0.217412 0.177901
2 0.718154 0.193996 0.206191 0.239700
2 0.224419 0.422464 0.225830 0.142321
2 0.326812 0.532008 0.363291 0.102999
2 0.144468 0.633129 0.164111 0.275280
2 0.272788 0.688409 0.300127 0.292073
2 0.512666 0.884074 0.297363 0.136701
2 0.266494 0.827888 0.267910 0.256558
0 0.471987 0.667777 0.126240 0.157301
0 0.278423 0.666838 0.103799 0.117979
0 0.422192 0.790437 0.105205 0.125463
0 0.598228 0.756734 0.112217 0.159179
0 0.616465 0.470215 0.131855 0.147940
0 0.491626 0.378449 0.112217 0.132960
0 0.321904 0.470215 0.112207 0.114224
